0	0.224421
0.01	0.222338
0.02	0.220282
0.03	0.218251
0.04	0.216245
0.05	0.214263
0.06	0.212304
0.07	0.210368
0.08	0.208453
0.09	0.20656
0.1	0.204688
0.11	0.202837
0.12	0.201006
0.13	0.199194
0.14	0.197401
0.15	0.195628
0.16	0.193873
0.17	0.192136
0.18	0.190417
0.19	0.188716
0.2	0.187032
0.21	0.185365
0.22	0.183714
0.23	0.18208
0.24	0.180463
0.25	0.178862
0.26	0.177276
0.27	0.175706
0.28	0.174151
0.29	0.172612
0.3	0.171087
0.31	0.169577
0.32	0.168082
0.33	0.166601
0.34	0.165135
0.35	0.163682
0.36	0.162244
0.37	0.160819
0.38	0.159407
0.39	0.15801
0.4	0.156625
0.41	0.155254
0.42	0.153895
0.43	0.152549
0.44	0.151216
0.45	0.149896
0.46	0.148588
0.47	0.147293
0.48	0.146009
0.49	0.144738
0.5	0.143478
0.51	0.142231
0.52	0.140995
0.53	0.139771
0.54	0.138558
0.55	0.137356
0.56	0.136166
0.57	0.134987
0.58	0.133819
0.59	0.132662
0.6	0.131516
0.61	0.130381
0.62	0.129256
0.63	0.128142
0.64	0.127038
0.65	0.125945
0.66	0.124862
0.67	0.123789
0.68	0.122726
0.69	0.121674
0.7	0.120631
0.71	0.119598
0.72	0.118575
0.73	0.117562
0.74	0.116559
0.75	0.115565
0.76	0.11458
0.77	0.113605
0.78	0.11264
0.79	0.111684
0.8	0.110737
0.81	0.109799
0.82	0.10887
0.83	0.107951
0.84	0.107041
0.85	0.106139
0.86	0.105247
0.87	0.104364
0.88	0.103489
0.89	0.102623
0.9	0.101766
0.91	0.100918
0.92	0.100079
0.93	0.0992481
0.94	0.0984261
0.95	0.0976128
0.96	0.0968081
0.97	0.096012
0.98	0.0952246
0.99	0.0944458
1	0.0936756
1.01	0.092914
1.02	0.092161
1.03	0.0914166
1.04	0.0906808
1.05	0.0899537
1.06	0.0892353
1.07	0.0885255
1.08	0.0878244
1.09	0.0871321
1.1	0.0864486
1.11	0.0857739
1.12	0.085108
1.13	0.0844511
1.14	0.0838032
1.15	0.0831644
1.16	0.0825347
1.17	0.0819142
1.18	0.081303
1.19	0.0807012
1.2	0.080109
1.21	0.0795263
1.22	0.0789533
1.23	0.0783902
1.24	0.0778371
1.25	0.0772942
1.26	0.0767615
1.27	0.0762393
1.28	0.0757276
1.29	0.0752268
1.3	0.074737
1.31	0.0742584
1.32	0.0737911
1.33	0.0733355
1.34	0.0728918
1.35	0.0724602
1.36	0.072041
1.37	0.0716344
1.38	0.0712408
1.39	0.0708603
1.4	0.0704935
1.41	0.0701405
1.42	0.0698017
1.43	0.0694775
1.44	0.0691682
1.45	0.0688742
1.46	0.068596
1.47	0.0683338
1.48	0.0680882
1.49	0.0678595
1.5	0.0676483
1.51	0.067455
1.52	0.06728
1.53	0.0671239
1.54	0.0669872
1.55	0.0668703
1.56	0.0667739
1.57	0.0666985
1.58	0.0666445
1.59	0.0666127
1.6	0.0666035
1.61	0.0666175
1.62	0.0666555
1.63	0.0667179
1.64	0.0668053
1.65	0.0669185
1.66	0.067058
