0	0.224533
0.01	0.222443
0.02	0.22038
0.03	0.218341
0.04	0.216328
0.05	0.214338
0.06	0.212372
0.07	0.210428
0.08	0.208506
0.09	0.206605
0.1	0.204726
0.11	0.202866
0.12	0.201027
0.13	0.199208
0.14	0.197408
0.15	0.195626
0.16	0.193863
0.17	0.192119
0.18	0.190392
0.19	0.188683
0.2	0.186991
0.21	0.185316
0.22	0.183657
0.23	0.182015
0.24	0.18039
0.25	0.17878
0.26	0.177186
0.27	0.175608
0.28	0.174044
0.29	0.172496
0.3	0.170963
0.31	0.169445
0.32	0.167941
0.33	0.166451
0.34	0.164976
0.35	0.163514
0.36	0.162067
0.37	0.160633
0.38	0.159212
0.39	0.157805
0.4	0.156411
0.41	0.15503
0.42	0.153662
0.43	0.152306
0.44	0.150963
0.45	0.149633
0.46	0.148315
0.47	0.147009
0.48	0.145715
0.49	0.144433
0.5	0.143163
0.51	0.141904
0.52	0.140657
0.53	0.139421
0.54	0.138197
0.55	0.136984
0.56	0.135782
0.57	0.13459
0.58	0.13341
0.59	0.132241
0.6	0.131081
0.61	0.129933
0.62	0.128795
0.63	0.127667
0.64	0.126549
0.65	0.125442
0.66	0.124344
0.67	0.123257
0.68	0.122179
0.69	0.121111
0.7	0.120052
0.71	0.119003
0.72	0.117963
0.73	0.116933
0.74	0.115912
0.75	0.1149
0.76	0.113897
0.77	0.112903
0.78	0.111918
0.79	0.110942
0.8	0.109975
0.81	0.109016
0.82	0.108065
0.83	0.107123
0.84	0.10619
0.85	0.105265
0.86	0.104348
0.87	0.103439
0.88	0.102538
0.89	0.101646
0.9	0.100761
0.91	0.0998838
0.92	0.0990146
0.93	0.0981531
0.94	0.0972993
0.95	0.096453
0.96	0.0956142
0.97	0.0947828
0.98	0.0939588
0.99	0.0931421
1	0.0923325
1.01	0.0915301
1.02	0.0907348
1.03	0.0899466
1.04	0.0891652
1.05	0.0883908
1.06	0.0876232
1.07	0.0868623
1.08	0.0861082
1.09	0.0853607
1.1	0.0846197
1.11	0.0838853
1.12	0.0831574
1.13	0.0824358
1.14	0.0817206
1.15	0.0810117
1.16	0.080309
1.17	0.0796125
1.18	0.078922
1.19	0.0782377
1.2	0.0775593
1.21	0.0768869
1.22	0.0762204
1.23	0.0755598
1.24	0.0749049
1.25	0.0742558
1.26	0.0736123
1.27	0.0729745
1.28	0.0723423
1.29	0.0717156
1.3	0.0710944
1.31	0.0704787
1.32	0.0698683
1.33	0.0692632
1.34	0.0686635
1.35	0.068069
1.36	0.0674797
1.37	0.0668955
1.38	0.0663164
1.39	0.0657425
1.4	0.0651735
1.41	0.0646095
1.42	0.0640504
1.43	0.0634962
1.44	0.0629468
1.45	0.0624022
1.46	0.0618624
1.47	0.0613273
1.48	0.0607968
1.49	0.060271
1.5	0.0597498
1.51	0.0592331
1.52	0.0587209
1.53	0.0582132
1.54	0.0577099
1.55	0.057211
1.56	0.0567164
1.57	0.0562262
1.58	0.0557402
1.59	0.0552584
1.6	0.0547809
1.61	0.0543075
1.62	0.0538382
1.63	0.0533731
1.64	0.0529119
1.65	0.0524548
1.66	0.0520017
1.67	0.0515525
1.68	0.0511072
1.69	0.0506658
1.7	0.0502283
1.71	0.0497945
1.72	0.0493646
1.73	0.0489383
1.74	0.0485158
1.75	0.048097
1.76	0.0476818
1.77	0.0472702
1.78	0.0468622
1.79	0.0464578
1.8	0.0460569
1.81	0.0456594
1.82	0.0452655
1.83	0.0448749
1.84	0.0444878
1.85	0.044104
1.86	0.0437236
1.87	0.0433465
1.88	0.0429727
1.89	0.0426021
1.9	0.0422348
1.91	0.0418706
1.92	0.0415096
1.93	0.0411518
1.94	0.0407971
1.95	0.0404455
1.96	0.040097
1.97	0.0397515
1.98	0.039409
1.99	0.0390695
2	0.038733
2.01	0.0383994
2.02	0.0380688
2.03	0.037741
2.04	0.0374161
2.05	0.037094
2.06	0.0367748
2.07	0.0364583
2.08	0.0361446
2.09	0.0358337
2.1	0.0355255
2.11	0.03522
2.12	0.0349172
2.13	0.0346171
2.14	0.0343195
2.15	0.0340247
2.16	0.0337324
2.17	0.0334427
2.18	0.0331555
2.19	0.0328709
2.2	0.0325888
2.21	0.0323092
2.22	0.0320321
2.23	0.0317574
2.24	0.0314852
2.25	0.0312154
2.26	0.030948
2.27	0.030683
2.28	0.0304204
2.29	0.0301601
2.3	0.0299022
2.31	0.0296466
2.32	0.0293933
2.33	0.0291422
2.34	0.0288935
2.35	0.028647
2.36	0.0284028
2.37	0.0281608
2.38	0.027921
2.39	0.0276834
2.4	0.027448
2.41	0.0272147
2.42	0.0269837
2.43	0.0267548
2.44	0.026528
2.45	0.0263034
2.46	0.0260809
2.47	0.0258605
2.48	0.0256422
2.49	0.025426
2.5	0.0252119
2.51	0.0249999
2.52	0.0247899
2.53	0.024582
2.54	0.0243762
2.55	0.0241724
2.56	0.0239707
2.57	0.023771
2.58	0.0235734
2.59	0.0233778
2.6	0.0231842
2.61	0.0229927
2.62	0.0228032
2.63	0.0226157
2.64	0.0224303
2.65	0.022247
2.66	0.0220656
2.67	0.0218864
2.68	0.0217092
2.69	0.021534
2.7	0.021361
2.71	0.02119
2.72	0.0210211
2.73	0.0208543
2.74	0.0206896
2.75	0.020527
2.76	0.0203666
2.77	0.0202084
2.78	0.0200523
2.79	0.0198985
2.8	0.0197468
2.81	0.0195975
2.82	0.0194503
2.83	0.0193055
2.84	0.019163
2.85	0.0190229
2.86	0.0188852
2.87	0.0187499
2.88	0.018617
2.89	0.0184867
2.9	0.0183589
2.91	0.0182337
2.92	0.0181111
2.93	0.0179912
2.94	0.0178741
2.95	0.0177597
2.96	0.0176482
2.97	0.0175396
2.98	0.017434
2.99	0.0173314
3	0.0172319
3.01	0.0171356
3.02	0.0170425
3.03	0.0169527
3.04	0.0168664
3.05	0.0167835
3.06	0.0167042
3.07	0.0166286
3.08	0.0165567
3.09	0.0164887
3.1	0.0164246
3.11	0.0163646
3.12	0.0163087
3.13	0.0162571
3.14	0.0162099
3.15	0.0161671
3.16	0.016129
3.17	0.0160956
3.18	0.016067
3.19	0.0160434
3.2	0.0160249
3.21	0.0160116
3.22	0.0160036
3.23	0.0160012
3.24	0.0160043
3.25	0.0160132
3.26	0.016028
3.27	0.0160488
3.28	0.0160758
3.29	0.016109
