0	0.223607
0.01	0.22168
0.02	0.219782
0.03	0.217912
0.04	0.216069
0.05	0.214253
0.06	0.212464
0.07	0.2107
0.08	0.208962
0.09	0.207248
0.1	0.20556
0.11	0.203896
0.12	0.202257
0.13	0.200641
0.14	0.19905
0.15	0.197483
0.16	0.195939
0.17	0.194419
0.18	0.192923
0.19	0.191451
0.2	0.190002
0.21	0.188577
0.22	0.187176
0.23	0.185799
0.24	0.184446
0.25	0.183117
0.26	0.181813
0.27	0.180533
0.28	0.179278
0.29	0.178048
0.3	0.176844
0.31	0.175665
0.32	0.174512
0.33	0.173386
0.34	0.172286
0.35	0.171214
0.36	0.170169
0.37	0.169153
0.38	0.168165
0.39	0.167206
0.4	0.166277
0.41	0.165379
0.42	0.164511
0.43	0.163676
0.44	0.162873
0.45	0.162103
0.46	0.161367
0.47	0.160665
0.48	0.16
0.49	0.159371
0.5	0.15878
0.51	0.158227
0.52	0.157714
0.53	0.157241
0.54	0.15681
0.55	0.156422
0.56	0.156078
0.57	0.15578
0.58	0.155528
0.59	0.155324
0.6	0.155169
0.61	0.155064
0.62	0.155012
0.63	0.155013
0.64	0.15507
0.65	0.155183
0.66	0.155354
0.67	0.155585
0.68	0.155877
