0	0.224535
0.01	0.222444
0.02	0.220381
0.03	0.218342
0.04	0.216329
0.05	0.214339
0.06	0.212372
0.07	0.210428
0.08	0.208506
0.09	0.206606
0.1	0.204726
0.11	0.202867
0.12	0.201028
0.13	0.199208
0.14	0.197408
0.15	0.195626
0.16	0.193863
0.17	0.192119
0.18	0.190392
0.19	0.188682
0.2	0.18699
0.21	0.185315
0.22	0.183657
0.23	0.182015
0.24	0.180389
0.25	0.178779
0.26	0.177185
0.27	0.175607
0.28	0.174044
0.29	0.172495
0.3	0.170962
0.31	0.169444
0.32	0.16794
0.33	0.16645
0.34	0.164975
0.35	0.163513
0.36	0.162065
0.37	0.160631
0.38	0.159211
0.39	0.157803
0.4	0.156409
0.41	0.155028
0.42	0.15366
0.43	0.152304
0.44	0.150961
0.45	0.149631
0.46	0.148313
0.47	0.147007
0.48	0.145713
0.49	0.14443
0.5	0.14316
0.51	0.141901
0.52	0.140654
0.53	0.139419
0.54	0.138194
0.55	0.136981
0.56	0.135779
0.57	0.134587
0.58	0.133407
0.59	0.132237
0.6	0.131078
0.61	0.12993
0.62	0.128791
0.63	0.127663
0.64	0.126546
0.65	0.125438
0.66	0.12434
0.67	0.123253
0.68	0.122175
0.69	0.121106
0.7	0.120048
0.71	0.118999
0.72	0.117959
0.73	0.116929
0.74	0.115907
0.75	0.114895
0.76	0.113892
0.77	0.112898
0.78	0.111913
0.79	0.110937
0.8	0.109969
0.81	0.10901
0.82	0.10806
0.83	0.107118
0.84	0.106184
0.85	0.105259
0.86	0.104342
0.87	0.103433
0.88	0.102532
0.89	0.101639
0.9	0.100754
0.91	0.0998774
0.92	0.0990081
0.93	0.0981465
0.94	0.0972925
0.95	0.0964461
0.96	0.0956072
0.97	0.0947757
0.98	0.0939516
0.99	0.0931347
1	0.0923251
1.01	0.0915225
1.02	0.0907271
1.03	0.0899387
1.04	0.0891573
1.05	0.0883827
1.06	0.0876149
1.07	0.086854
1.08	0.0860997
1.09	0.085352
1.1	0.084611
1.11	0.0838764
1.12	0.0831483
1.13	0.0824266
1.14	0.0817113
1.15	0.0810022
1.16	0.0802994
1.17	0.0796027
1.18	0.0789121
1.19	0.0782276
1.2	0.0775491
1.21	0.0768766
1.22	0.0762099
1.23	0.0755491
1.24	0.0748941
1.25	0.0742448
1.26	0.0736012
1.27	0.0729632
1.28	0.0723308
1.29	0.071704
1.3	0.0710826
1.31	0.0704667
1.32	0.0698561
1.33	0.0692509
1.34	0.0686509
1.35	0.0680563
1.36	0.0674668
1.37	0.0668824
1.38	0.0663032
1.39	0.065729
1.4	0.0651598
1.41	0.0645956
1.42	0.0640363
1.43	0.0634819
1.44	0.0629323
1.45	0.0623875
1.46	0.0618475
1.47	0.0613122
1.48	0.0607815
1.49	0.0602554
1.5	0.059734
1.51	0.0592171
1.52	0.0587046
1.53	0.0581967
1.54	0.0576932
1.55	0.057194
1.56	0.0566992
1.57	0.0562087
1.58	0.0557225
1.59	0.0552405
1.6	0.0547626
1.61	0.054289
1.62	0.0538194
1.63	0.053354
1.64	0.0528926
1.65	0.0524352
1.66	0.0519818
1.67	0.0515323
1.68	0.0510867
1.69	0.050645
1.7	0.0502071
1.71	0.049773
1.72	0.0493427
1.73	0.0489162
1.74	0.0484933
1.75	0.0480741
1.76	0.0476586
1.77	0.0472466
1.78	0.0468382
1.79	0.0464334
1.8	0.0460321
1.81	0.0456343
1.82	0.0452399
1.83	0.0448489
1.84	0.0444614
1.85	0.0440772
1.86	0.0436963
1.87	0.0433187
1.88	0.0429444
1.89	0.0425733
1.9	0.0422055
1.91	0.0418409
1.92	0.0414794
1.93	0.041121
1.94	0.0407657
1.95	0.0404136
1.96	0.0400645
1.97	0.0397184
1.98	0.0393753
1.99	0.0390351
2	0.0386979
2.01	0.0383637
2.02	0.0380323
2.03	0.0377038
2.04	0.0373782
2.05	0.0370553
2.06	0.0367353
2.07	0.036418
2.08	0.0361035
2.09	0.0357917
2.1	0.0354826
2.11	0.0351762
2.12	0.0348724
2.13	0.0345713
2.14	0.0342727
2.15	0.0339768
2.16	0.0336834
2.17	0.0333925
2.18	0.0331042
2.19	0.0328184
2.2	0.032535
2.21	0.0322541
2.22	0.0319756
2.23	0.0316995
2.24	0.0314258
2.25	0.0311545
2.26	0.0308855
2.27	0.0306189
2.28	0.0303545
2.29	0.0300924
2.3	0.0298327
2.31	0.0295751
2.32	0.0293198
2.33	0.0290667
2.34	0.0288158
2.35	0.028567
2.36	0.0283204
2.37	0.0280759
2.38	0.0278336
2.39	0.0275933
2.4	0.0273551
2.41	0.027119
2.42	0.0268849
2.43	0.0266528
2.44	0.0264228
2.45	0.0261947
2.46	0.0259686
2.47	0.0257445
2.48	0.0255223
2.49	0.025302
2.5	0.0250836
2.51	0.0248671
2.52	0.0246525
2.53	0.0244397
2.54	0.0242288
2.55	0.0240196
2.56	0.0238123
2.57	0.0236068
2.58	0.0234031
2.59	0.0232011
2.6	0.0230009
2.61	0.0228024
2.62	0.0226056
2.63	0.0224105
2.64	0.0222171
2.65	0.0220254
2.66	0.0218353
2.67	0.0216468
2.68	0.02146
2.69	0.0212748
2.7	0.0210912
2.71	0.0209092
2.72	0.0207288
2.73	0.0205499
2.74	0.0203726
2.75	0.0201968
2.76	0.0200225
2.77	0.0198497
2.78	0.0196784
2.79	0.0195086
2.8	0.0193403
2.81	0.0191734
2.82	0.0190079
2.83	0.0188439
2.84	0.0186813
2.85	0.0185201
2.86	0.0183603
2.87	0.0182019
2.88	0.0180448
2.89	0.0178891
2.9	0.0177348
2.91	0.0175817
2.92	0.01743
2.93	0.0172796
2.94	0.0171305
2.95	0.0169827
2.96	0.0168362
2.97	0.0166909
2.98	0.0165469
2.99	0.0164041
3	0.0162626
3.01	0.0161223
3.02	0.0159832
3.03	0.0158453
3.04	0.0157086
3.05	0.015573
3.06	0.0154387
3.07	0.0153055
3.08	0.0151734
3.09	0.0150425
3.1	0.0149127
3.11	0.014784
3.12	0.0146565
3.13	0.01453
3.14	0.0144047
3.15	0.0142804
3.16	0.0141572
3.17	0.014035
3.18	0.0139139
3.19	0.0137939
3.2	0.0136749
3.21	0.0135569
3.22	0.0134399
3.23	0.013324
3.24	0.013209
3.25	0.0130951
3.26	0.0129821
3.27	0.0128701
3.28	0.0127591
3.29	0.012649
3.3	0.0125398
3.31	0.0124317
3.32	0.0123244
3.33	0.0122181
3.34	0.0121127
3.35	0.0120082
3.36	0.0119046
3.37	0.0118019
3.38	0.0117001
3.39	0.0115991
3.4	0.011499
3.41	0.0113998
3.42	0.0113015
3.43	0.011204
3.44	0.0111073
3.45	0.0110115
3.46	0.0109165
3.47	0.0108223
3.48	0.010729
3.49	0.0106364
3.5	0.0105446
3.51	0.0104537
3.52	0.0103635
3.53	0.0102741
3.54	0.0101855
3.55	0.0100976
3.56	0.0100105
3.57	0.00992411
3.58	0.0098385
3.59	0.00975362
3.6	0.00966948
3.61	0.00958606
3.62	0.00950336
3.63	0.00942138
3.64	0.0093401
3.65	0.00925952
3.66	0.00917964
3.67	0.00910045
3.68	0.00902194
3.69	0.00894411
3.7	0.00886695
3.71	0.00879046
3.72	0.00871463
3.73	0.00863945
3.74	0.00856492
3.75	0.00849103
3.76	0.00841778
3.77	0.00834516
3.78	0.00827317
3.79	0.0082018
3.8	0.00813105
3.81	0.0080609
3.82	0.00799136
3.83	0.00792242
3.84	0.00785408
3.85	0.00778633
3.86	0.00771916
3.87	0.00765257
3.88	0.00758655
3.89	0.0075211
3.9	0.00745622
3.91	0.0073919
3.92	0.00732813
3.93	0.00726492
3.94	0.00720224
3.95	0.00714011
3.96	0.00707852
3.97	0.00701746
3.98	0.00695692
3.99	0.0068969
4	0.00683741
4.01	0.00677842
4.02	0.00671995
4.03	0.00666198
4.04	0.00660451
4.05	0.00654754
4.06	0.00649105
4.07	0.00643506
4.08	0.00637955
4.09	0.00632451
4.1	0.00626996
4.11	0.00621587
4.12	0.00616225
4.13	0.00610909
4.14	0.00605639
4.15	0.00600414
4.16	0.00595235
4.17	0.005901
4.18	0.0058501
4.19	0.00579963
4.2	0.0057496
4.21	0.0057
4.22	0.00565083
4.23	0.00560208
4.24	0.00555376
4.25	0.00550585
4.26	0.00545835
4.27	0.00541127
4.28	0.00536459
4.29	0.00531831
4.3	0.00527243
4.31	0.00522695
4.32	0.00518186
4.33	0.00513716
4.34	0.00509284
4.35	0.00504891
4.36	0.00500536
4.37	0.00496218
4.38	0.00491937
4.39	0.00487694
4.4	0.00483487
4.41	0.00479316
4.42	0.00475181
4.43	0.00471082
4.44	0.00467018
4.45	0.0046299
4.46	0.00458996
4.47	0.00455036
4.48	0.00451111
4.49	0.0044722
4.5	0.00443362
4.51	0.00439537
4.52	0.00435746
4.53	0.00431987
4.54	0.0042826
4.55	0.00424566
4.56	0.00420903
4.57	0.00417273
4.58	0.00413673
4.59	0.00410105
4.6	0.00406567
4.61	0.0040306
4.62	0.00399583
4.63	0.00396136
4.64	0.00392719
4.65	0.00389331
4.66	0.00385973
4.67	0.00382643
4.68	0.00379342
4.69	0.0037607
4.7	0.00372826
4.71	0.0036961
4.72	0.00366421
4.73	0.0036326
4.74	0.00360127
4.75	0.0035702
4.76	0.00353941
4.77	0.00350887
4.78	0.00347861
4.79	0.0034486
4.8	0.00341885
4.81	0.00338936
4.82	0.00336012
4.83	0.00333113
4.84	0.0033024
4.85	0.00327391
4.86	0.00324567
4.87	0.00321767
4.88	0.00318992
4.89	0.0031624
4.9	0.00313512
4.91	0.00310807
4.92	0.00308126
4.93	0.00305468
4.94	0.00302833
4.95	0.00300221
4.96	0.00297631
4.97	0.00295064
4.98	0.00292518
4.99	0.00289995
5	0.00287494
5.01	0.00285014
5.02	0.00282555
5.03	0.00280118
5.04	0.00277701
5.05	0.00275306
5.06	0.00272931
5.07	0.00270576
5.08	0.00268242
5.09	0.00265928
5.1	0.00263634
5.11	0.0026136
5.12	0.00259106
5.13	0.00256871
5.14	0.00254655
5.15	0.00252458
5.16	0.0025028
5.17	0.00248121
5.18	0.00245981
5.19	0.00243859
5.2	0.00241756
5.21	0.0023967
5.22	0.00237603
5.23	0.00235553
5.24	0.00233521
5.25	0.00231507
5.26	0.0022951
5.27	0.0022753
5.28	0.00225567
5.29	0.00223621
5.3	0.00221692
5.31	0.0021978
5.32	0.00217884
5.33	0.00216005
5.34	0.00214141
5.35	0.00212294
5.36	0.00210463
5.37	0.00208647
5.38	0.00206847
5.39	0.00205063
5.4	0.00203294
5.41	0.00201541
5.42	0.00199802
5.43	0.00198078
5.44	0.0019637
5.45	0.00194676
5.46	0.00192997
5.47	0.00191332
5.48	0.00189681
5.49	0.00188045
5.5	0.00186423
5.51	0.00184815
5.52	0.00183221
5.53	0.0018164
5.54	0.00180073
5.55	0.0017852
5.56	0.0017698
5.57	0.00175453
5.58	0.0017394
5.59	0.00172439
5.6	0.00170952
5.61	0.00169477
5.62	0.00168015
5.63	0.00166566
5.64	0.00165129
5.65	0.00163705
5.66	0.00162292
5.67	0.00160892
5.68	0.00159505
5.69	0.00158129
5.7	0.00156765
5.71	0.00155412
5.72	0.00154072
5.73	0.00152743
5.74	0.00151425
5.75	0.00150119
5.76	0.00148824
5.77	0.0014754
5.78	0.00146267
5.79	0.00145006
5.8	0.00143755
5.81	0.00142515
5.82	0.00141285
5.83	0.00140067
5.84	0.00138858
5.85	0.00137661
5.86	0.00136473
5.87	0.00135296
5.88	0.00134129
5.89	0.00132972
5.9	0.00131825
5.91	0.00130687
5.92	0.0012956
5.93	0.00128443
5.94	0.00127335
5.95	0.00126236
5.96	0.00125147
5.97	0.00124068
5.98	0.00122997
5.99	0.00121936
6	0.00120885
6.01	0.00119842
6.02	0.00118808
6.03	0.00117783
6.04	0.00116767
6.05	0.0011576
6.06	0.00114761
6.07	0.00113771
6.08	0.0011279
6.09	0.00111817
6.1	0.00110852
6.11	0.00109896
6.12	0.00108948
6.13	0.00108008
6.14	0.00107077
6.15	0.00106153
6.16	0.00105237
6.17	0.0010433
6.18	0.0010343
6.19	0.00102537
6.2	0.00101653
6.21	0.00100776
6.22	0.000999067
6.23	0.000990449
6.24	0.000981905
6.25	0.000973435
6.26	0.000965038
6.27	0.000956713
6.28	0.00094846
6.29	0.000940279
6.3	0.000932168
6.31	0.000924127
6.32	0.000916155
6.33	0.000908252
6.34	0.000900417
6.35	0.00089265
6.36	0.00088495
6.37	0.000877316
6.38	0.000869748
6.39	0.000862246
6.4	0.000854808
6.41	0.000847434
6.42	0.000840124
6.43	0.000832877
6.44	0.000825692
6.45	0.00081857
6.46	0.000811509
6.47	0.000804508
6.48	0.000797568
6.49	0.000790688
6.5	0.000783868
6.51	0.000777106
6.52	0.000770403
6.53	0.000763757
6.54	0.000757169
6.55	0.000750637
6.56	0.000744162
6.57	0.000737743
6.58	0.000731379
6.59	0.00072507
6.6	0.000718815
6.61	0.000712615
6.62	0.000706467
6.63	0.000700373
6.64	0.000694332
6.65	0.000688342
6.66	0.000682404
6.67	0.000676518
6.68	0.000670682
6.69	0.000664897
6.7	0.000659161
6.71	0.000653475
6.72	0.000647838
6.73	0.00064225
6.74	0.00063671
6.75	0.000631217
6.76	0.000625772
6.77	0.000620374
6.78	0.000615023
6.79	0.000609717
6.8	0.000604458
6.81	0.000599244
6.82	0.000594075
6.83	0.00058895
6.84	0.00058387
6.85	0.000578833
6.86	0.00057384
6.87	0.00056889
6.88	0.000563982
6.89	0.000559117
6.9	0.000554294
6.91	0.000549513
6.92	0.000544773
6.93	0.000540073
6.94	0.000535415
6.95	0.000530796
6.96	0.000526217
6.97	0.000521678
6.98	0.000517178
6.99	0.000512717
7	0.000508294
7.01	0.000503909
7.02	0.000499562
7.03	0.000495253
7.04	0.000490981
7.05	0.000486746
7.06	0.000482547
7.07	0.000478384
7.08	0.000474258
7.09	0.000470167
7.1	0.000466111
7.11	0.00046209
7.12	0.000458104
7.13	0.000454152
7.14	0.000450235
7.15	0.000446351
7.16	0.000442501
7.17	0.000438684
7.18	0.000434899
7.19	0.000431148
7.2	0.000427429
7.21	0.000423742
7.22	0.000420086
7.23	0.000416463
7.24	0.00041287
7.25	0.000409309
7.26	0.000405778
7.27	0.000402278
7.28	0.000398807
7.29	0.000395367
7.3	0.000391957
7.31	0.000388576
7.32	0.000385224
7.33	0.000381901
7.34	0.000378606
7.35	0.00037534
7.36	0.000372103
7.37	0.000368893
7.38	0.000365711
7.39	0.000362556
7.4	0.000359428
7.41	0.000356328
7.42	0.000353254
7.43	0.000350207
7.44	0.000347186
7.45	0.000344191
7.46	0.000341222
7.47	0.000338279
7.48	0.000335361
7.49	0.000332468
7.5	0.0003296
7.51	0.000326757
7.52	0.000323938
7.53	0.000321144
7.54	0.000318373
7.55	0.000315627
7.56	0.000312904
7.57	0.000310205
7.58	0.000307529
7.59	0.000304876
7.6	0.000302247
7.61	0.000299639
7.62	0.000297055
7.63	0.000294492
7.64	0.000291952
7.65	0.000289433
7.66	0.000286937
7.67	0.000284461
7.68	0.000282008
7.69	0.000279575
7.7	0.000277163
7.71	0.000274772
7.72	0.000272402
7.73	0.000270052
7.74	0.000267723
7.75	0.000265413
7.76	0.000263124
7.77	0.000260854
7.78	0.000258604
7.79	0.000256373
7.8	0.000254162
7.81	0.000251969
7.82	0.000249796
7.83	0.000247641
7.84	0.000245505
7.85	0.000243387
7.86	0.000241287
7.87	0.000239206
7.88	0.000237143
7.89	0.000235097
7.9	0.000233069
7.91	0.000231059
7.92	0.000229065
7.93	0.000227089
7.94	0.00022513
7.95	0.000223188
7.96	0.000221263
7.97	0.000219355
7.98	0.000217462
7.99	0.000215586
8	0.000213727
8.01	0.000211883
8.02	0.000210055
8.03	0.000208243
8.04	0.000206447
8.05	0.000204666
8.06	0.000202901
8.07	0.00020115
8.08	0.000199415
8.09	0.000197695
8.1	0.00019599
8.11	0.000194299
8.12	0.000192623
8.13	0.000190961
8.14	0.000189314
8.15	0.000187681
8.16	0.000186062
8.17	0.000184457
8.18	0.000182866
8.19	0.000181289
8.2	0.000179725
8.21	0.000178174
8.22	0.000176637
8.23	0.000175114
8.24	0.000173603
8.25	0.000172106
8.26	0.000170621
8.27	0.000169149
8.28	0.00016769
8.29	0.000166244
8.3	0.000164809
8.31	0.000163388
8.32	0.000161978
8.33	0.000160581
8.34	0.000159196
8.35	0.000157823
8.36	0.000156461
8.37	0.000155112
8.38	0.000153774
8.39	0.000152447
8.4	0.000151132
8.41	0.000149828
8.42	0.000148536
8.43	0.000147255
8.44	0.000145984
8.45	0.000144725
8.46	0.000143477
8.47	0.000142239
8.48	0.000141012
8.49	0.000139796
8.5	0.00013859
8.51	0.000137394
8.52	0.000136209
8.53	0.000135034
8.54	0.000133869
8.55	0.000132714
8.56	0.00013157
8.57	0.000130435
8.58	0.00012931
8.59	0.000128194
8.6	0.000127088
8.61	0.000125992
8.62	0.000124905
8.63	0.000123828
8.64	0.00012276
8.65	0.000121701
8.66	0.000120651
8.67	0.00011961
8.68	0.000118578
8.69	0.000117555
8.7	0.000116541
8.71	0.000115536
8.72	0.000114539
8.73	0.000113551
8.74	0.000112572
8.75	0.000111601
8.76	0.000110638
8.77	0.000109684
8.78	0.000108738
8.79	0.0001078
8.8	0.00010687
8.81	0.000105948
8.82	0.000105034
8.83	0.000104128
8.84	0.00010323
8.85	0.000102339
8.86	0.000101456
8.87	0.000100581
8.88	9.97135e-05
8.89	9.88533e-05
8.9	9.80006e-05
8.91	9.71552e-05
8.92	9.63171e-05
8.93	9.54863e-05
8.94	9.46626e-05
8.95	9.3846e-05
8.96	9.30365e-05
8.97	9.2234e-05
8.98	9.14383e-05
8.99	9.06496e-05
9	8.98676e-05
9.01	8.90924e-05
9.02	8.83239e-05
9.03	8.7562e-05
9.04	8.68066e-05
9.05	8.60578e-05
9.06	8.53155e-05
9.07	8.45795e-05
9.08	8.38499e-05
9.09	8.31266e-05
9.1	8.24096e-05
9.11	8.16987e-05
9.12	8.09939e-05
9.13	8.02953e-05
9.14	7.96026e-05
9.15	7.89159e-05
9.16	7.82352e-05
9.17	7.75603e-05
9.18	7.68913e-05
9.19	7.6228e-05
9.2	7.55704e-05
9.21	7.49186e-05
9.22	7.42723e-05
9.23	7.36316e-05
9.24	7.29964e-05
9.25	7.23668e-05
9.26	7.17425e-05
9.27	7.11237e-05
9.28	7.05101e-05
9.29	6.99019e-05
9.3	6.92989e-05
9.31	6.87011e-05
9.32	6.81085e-05
9.33	6.7521e-05
9.34	6.69385e-05
9.35	6.63611e-05
9.36	6.57887e-05
9.37	6.52212e-05
9.38	6.46585e-05
9.39	6.41008e-05
9.4	6.35478e-05
9.41	6.29997e-05
9.42	6.24562e-05
9.43	6.19175e-05
9.44	6.13833e-05
9.45	6.08538e-05
9.46	6.03289e-05
9.47	5.98085e-05
9.48	5.92926e-05
9.49	5.87811e-05
9.5	5.82741e-05
9.51	5.77714e-05
9.52	5.7273e-05
9.53	5.6779e-05
9.54	5.62892e-05
9.55	5.58036e-05
9.56	5.53223e-05
9.57	5.4845e-05
9.58	5.43719e-05
9.59	5.39029e-05
9.6	5.34379e-05
9.61	5.2977e-05
9.62	5.252e-05
9.63	5.20669e-05
9.64	5.16178e-05
9.65	5.11725e-05
9.66	5.07311e-05
9.67	5.02935e-05
9.68	4.98596e-05
9.69	4.94295e-05
9.7	4.90032e-05
9.71	4.85804e-05
9.72	4.81614e-05
9.73	4.77459e-05
9.74	4.73341e-05
9.75	4.69258e-05
9.76	4.6521e-05
9.77	4.61197e-05
9.78	4.57218e-05
9.79	4.53274e-05
9.8	4.49364e-05
9.81	4.45488e-05
9.82	4.41645e-05
9.83	4.37835e-05
9.84	4.34058e-05
9.85	4.30314e-05
9.86	4.26602e-05
9.87	4.22922e-05
9.88	4.19274e-05
9.89	4.15657e-05
9.9	4.12072e-05
9.91	4.08517e-05
9.92	4.04993e-05
9.93	4.015e-05
9.94	3.98036e-05
9.95	3.94603e-05
9.96	3.91199e-05
9.97	3.87824e-05
9.98	3.84479e-05
9.99	3.81162e-05
10	3.77874e-05
10.01	3.74615e-05
10.02	3.71383e-05
10.03	3.6818e-05
10.04	3.65004e-05
10.05	3.61855e-05
10.06	3.58734e-05
10.07	3.55639e-05
10.08	3.52571e-05
10.09	3.4953e-05
10.1	3.46515e-05
10.11	3.43526e-05
10.12	3.40562e-05
10.13	3.37625e-05
10.14	3.34712e-05
10.15	3.31825e-05
10.16	3.28962e-05
10.17	3.26125e-05
10.18	3.23312e-05
10.19	3.20523e-05
10.2	3.17758e-05
10.21	3.15017e-05
10.22	3.12299e-05
10.23	3.09605e-05
10.24	3.06935e-05
10.25	3.04287e-05
10.26	3.01662e-05
10.27	2.9906e-05
10.28	2.9648e-05
10.29	2.93923e-05
10.3	2.91387e-05
10.31	2.88874e-05
10.32	2.86382e-05
10.33	2.83911e-05
10.34	2.81462e-05
10.35	2.79034e-05
10.36	2.76627e-05
10.37	2.74241e-05
10.38	2.71876e-05
10.39	2.6953e-05
10.4	2.67205e-05
10.41	2.649e-05
10.42	2.62615e-05
10.43	2.6035e-05
10.44	2.58104e-05
10.45	2.55878e-05
10.46	2.5367e-05
10.47	2.51482e-05
10.48	2.49313e-05
10.49	2.47162e-05
10.5	2.4503e-05
10.51	2.42916e-05
10.52	2.40821e-05
10.53	2.38744e-05
10.54	2.36684e-05
10.55	2.34642e-05
10.56	2.32618e-05
10.57	2.30612e-05
10.58	2.28623e-05
10.59	2.2665e-05
10.6	2.24695e-05
10.61	2.22757e-05
10.62	2.20835e-05
10.63	2.1893e-05
10.64	2.17042e-05
10.65	2.1517e-05
10.66	2.13314e-05
10.67	2.11474e-05
10.68	2.09649e-05
10.69	2.07841e-05
10.7	2.06048e-05
10.71	2.04271e-05
10.72	2.02509e-05
10.73	2.00762e-05
10.74	1.9903e-05
10.75	1.97313e-05
10.76	1.95611e-05
10.77	1.93924e-05
10.78	1.92251e-05
10.79	1.90592e-05
10.8	1.88948e-05
10.81	1.87318e-05
10.82	1.85703e-05
10.83	1.84101e-05
10.84	1.82513e-05
10.85	1.80938e-05
10.86	1.79377e-05
10.87	1.7783e-05
10.88	1.76296e-05
10.89	1.74775e-05
10.9	1.73268e-05
10.91	1.71773e-05
10.92	1.70291e-05
10.93	1.68822e-05
10.94	1.67366e-05
10.95	1.65922e-05
10.96	1.64491e-05
10.97	1.63072e-05
10.98	1.61666e-05
10.99	1.60271e-05
11	1.58888e-05
11.01	1.57518e-05
11.02	1.56159e-05
11.03	1.54812e-05
11.04	1.53477e-05
11.05	1.52153e-05
11.06	1.5084e-05
11.07	1.49539e-05
11.08	1.48249e-05
11.09	1.4697e-05
11.1	1.45703e-05
11.11	1.44446e-05
11.12	1.432e-05
11.13	1.41965e-05
11.14	1.4074e-05
11.15	1.39526e-05
11.16	1.38323e-05
11.17	1.37129e-05
11.18	1.35947e-05
11.19	1.34774e-05
11.2	1.33611e-05
11.21	1.32459e-05
11.22	1.31316e-05
11.23	1.30184e-05
11.24	1.29061e-05
11.25	1.27947e-05
11.26	1.26844e-05
11.27	1.2575e-05
11.28	1.24665e-05
11.29	1.2359e-05
11.3	1.22524e-05
11.31	1.21467e-05
11.32	1.20419e-05
11.33	1.1938e-05
11.34	1.18351e-05
11.35	1.1733e-05
11.36	1.16318e-05
11.37	1.15315e-05
11.38	1.1432e-05
11.39	1.13334e-05
11.4	1.12357e-05
11.41	1.11388e-05
11.42	1.10427e-05
11.43	1.09474e-05
11.44	1.0853e-05
11.45	1.07594e-05
11.46	1.06666e-05
11.47	1.05746e-05
11.48	1.04834e-05
11.49	1.0393e-05
11.5	1.03034e-05
11.51	1.02145e-05
11.52	1.01265e-05
11.53	1.00391e-05
11.54	9.95256e-06
11.55	9.86673e-06
11.56	9.78165e-06
11.57	9.6973e-06
11.58	9.61369e-06
11.59	9.53079e-06
11.6	9.44862e-06
11.61	9.36715e-06
11.62	9.28639e-06
11.63	9.20632e-06
11.64	9.12695e-06
11.65	9.04827e-06
11.66	8.97027e-06
11.67	8.89294e-06
11.68	8.81628e-06
11.69	8.74029e-06
11.7	8.66495e-06
11.71	8.59027e-06
11.72	8.51624e-06
11.73	8.44284e-06
11.74	8.37009e-06
11.75	8.29796e-06
11.76	8.22646e-06
11.77	8.15559e-06
11.78	8.08532e-06
11.79	8.01567e-06
11.8	7.94663e-06
11.81	7.87818e-06
11.82	7.81033e-06
11.83	7.74307e-06
11.84	7.6764e-06
11.85	7.61031e-06
11.86	7.54479e-06
11.87	7.47985e-06
11.88	7.41547e-06
11.89	7.35166e-06
11.9	7.28841e-06
11.91	7.2257e-06
11.92	7.16355e-06
11.93	7.10195e-06
11.94	7.04088e-06
11.95	6.98035e-06
11.96	6.92035e-06
11.97	6.86088e-06
11.98	6.80194e-06
11.99	6.74352e-06
12	6.68561e-06
12.01	6.62822e-06
12.02	6.57133e-06
12.03	6.51495e-06
12.04	6.45908e-06
12.05	6.4037e-06
12.06	6.34881e-06
12.07	6.29442e-06
12.08	6.24051e-06
12.09	6.18709e-06
12.1	6.13415e-06
12.11	6.08169e-06
12.12	6.02971e-06
12.13	5.9782e-06
12.14	5.92715e-06
12.15	5.87658e-06
12.16	5.82647e-06
12.17	5.77682e-06
12.18	5.72762e-06
12.19	5.67889e-06
12.2	5.63061e-06
12.21	5.58278e-06
12.22	5.5354e-06
12.23	5.48847e-06
12.24	5.44198e-06
12.25	5.39594e-06
12.26	5.35035e-06
12.27	5.30519e-06
12.28	5.26047e-06
12.29	5.21619e-06
12.3	5.17235e-06
12.31	5.12894e-06
12.32	5.08597e-06
12.33	5.04344e-06
12.34	5.00134e-06
12.35	4.95967e-06
12.36	4.91843e-06
12.37	4.87763e-06
12.38	4.83726e-06
12.39	4.79733e-06
12.4	4.75783e-06
12.41	4.71876e-06
12.42	4.68013e-06
12.43	4.64194e-06
12.44	4.60419e-06
12.45	4.56687e-06
12.46	4.53e-06
12.47	4.49357e-06
12.48	4.45759e-06
12.49	4.42205e-06
12.5	4.38697e-06
12.51	4.35234e-06
12.52	4.31818e-06
12.53	4.28447e-06
12.54	4.25123e-06
12.55	4.21846e-06
12.56	4.18617e-06
12.57	4.15435e-06
12.58	4.12303e-06
12.59	4.09219e-06
12.6	4.06186e-06
12.61	4.03203e-06
12.62	4.00271e-06
12.63	3.97392e-06
12.64	3.94565e-06
12.65	3.91792e-06
12.66	3.89074e-06
12.67	3.86411e-06
12.68	3.83805e-06
12.69	3.81257e-06
12.7	3.78768e-06
12.71	3.76338e-06
12.72	3.7397e-06
12.73	3.71664e-06
12.74	3.69422e-06
12.75	3.67245e-06
12.76	3.65136e-06
12.77	3.63094e-06
12.78	3.61122e-06
12.79	3.59222e-06
12.8	3.57395e-06
12.81	3.55644e-06
12.82	3.53969e-06
12.83	3.52373e-06
12.84	3.50858e-06
12.85	3.49425e-06
12.86	3.48078e-06
12.87	3.46818e-06
12.88	3.45647e-06
12.89	3.44568e-06
12.9	3.43583e-06
12.91	3.42694e-06
12.92	3.41904e-06
12.93	3.41216e-06
12.94	3.40632e-06
12.95	3.40154e-06
12.96	3.39785e-06
12.97	3.39528e-06
12.98	3.39386e-06
12.99	3.39361e-06
13	3.39457e-06
13.01	3.39675e-06
13.02	3.40019e-06
13.03	3.40491e-06
13.04	3.41094e-06
13.05	3.41832e-06
